1.46
1.15
0.65
1.28
0.06
1.76
1.13
2.0
1.35
0.18
0.16
1.29
1.35
0.06
1.15
0.63
1.45
0.13
1.57
1.01
0.32
0.93
1.92
1.28
0.87
0.34
0.12
1.72
0.44
0.58
1.77
1.84
1.02
0.53
0.71
1.12
1.69
0.33
0.79
0.1
1.1
1.89
1.6
1.75
0.99
1.86
0.03
0.5
0.24
1.4
0.04
1.8
1.42
1.93
0.01
0.16
0.31
0.67
0.84
1.82
1.55
0.56
1.84
1.7
0.28
0.54
1.85
1.92
0.62
0.82
1.05
0.96
0.37
0.13
1.42
0.03
1.82
1.18
1.89
0.64
0.85
0.98
1.69
1.26
0.75
0.2
0.98
0.95
0.62
0.75
1.53
0.52
1.49
1.91
1.68
1.03
0.18
1.35
0.07
0.51
0.05
1.82
1.73
1.34
1.65
0.98
0.23
1.78
0.67
1.06
1.08
1.51
1.99
0.16
0.69
1.46
0.84
1.11
0.33
1.83
1.15
0.2
1.66
0.41
1.86
0.1
0.28
0.18
