source 1.19,2.32,3.37,4.28,5.03,5.58,5.9,6.0 Normal
source 5.9,6.0,5.86,5.48,4.9,4.11,3.17,2.1 Normal
source 3.17,2.1,0.95,-0.24,-1.42,-2.54,-3.57,-4.45 Normal
source -3.57,-4.45,-5.16,-5.66,-5.94,-5.99,-5.8,-5.38 Normal
source -5.8,-5.38,-4.75,-3.94,-2.97,-1.88,-0.71,0.48 Normal
source -0.71,0.48,1.65,2.76,5.85,5.9,5.96,5.95 Normal
source 5.96,5.95,5.85,5.84,5.93,5.95,5.91,5.94 Normal
source 5.91,5.94,2.76,1.65,0.48,-0.71,-1.88,-2.97 Normal
source -1.88,-2.97,-3.94,-4.75,-5.38,-5.8,-5.99,-5.94 Normal
source -5.99,-5.94,-5.66,-5.16,-4.45,-3.57,-2.54,-1.42 Normal
source -2.54,-1.42,-0.24,0.95,2.1,3.17,4.11,4.9 Normal
source 4.11,4.9,5.48,5.86,6.0,5.9,5.58,5.03 Normal
