source 0.0,0.4,0.77,1.12,1.43,1.68,1.86,1.97 Normal
source 1.86,1.97,2.0,1.95,1.83,1.63,1.37,1.06 Normal
source 1.37,1.06,1.8,0.32,-0.08,-0.47,-0.85,-1.19 Normal
source -0.85,-1.19,-1.48,-1.72,-1.89,-1.98,-2.0,-1.93 Normal
source -2.0,-1.93,-1.79,-1.58,-1.31,-0.99,-0.63,-0.24 Normal
source -0.63,-0.24,0.16,0.55,0.92,-1.0,1.53,1.76 Normal
source 1.53,1.76,1.91,1.99,1.99,1.91,1.76,1.53 Normal
source 1.76,1.53,1.25,0.92,0.55,0.16,-0.24,-0.63 Normal
source -0.24,-0.63,-0.99,-1.31,-1.58,-1.79,-1.93,-2.0 Normal
source -1.93,-2.0,-1.98,-1.89,-1.72,-1.48,-1.19,-0.85 Normal
source -1.19,-0.85,-0.47,-0.08,0.32,0.7,1.06,1.37 Normal
source 1.06,1.37,1.63,1.83,1.95,2.0,1.97,1.86 Normal
source 1.97,1.86,1.68,1.43,1.12,0.77,0.4,0.0 Normal
