source -5.56,-5.01,-4.27,-3.36,-2.31,-1.18,-0.0,0.0 Normal1.0028595454872278
source -5.01,-4.27,-3.36,-2.31,-1.18,-0.0,0.0,1.19 Normal1.0494907858496327
source -4.27,-3.36,-2.31,-1.18,-0.0,0.0,1.19,2.32 Normal1.4267383896362533
source -3.36,-2.31,-1.18,-0.0,0.0,1.19,2.32,3.37 Normal1.587468700859474
source -2.31,-1.18,-0.0,0.0,1.19,2.32,3.37,4.28 Normal1.4799270303553957
source -1.18,-0.0,0.0,1.19,2.32,3.37,4.28,5.03 Normal1.096219889246679
source -0.0,0.0,1.19,2.32,3.37,4.28,5.03,5.58 Normal1.0637665656423043
source 0.0,1.19,2.32,3.37,4.28,5.03,5.58,5.9 Normal0.9859009320812425
source 1.19,2.32,3.37,4.28,5.03,5.58,5.9,6.0 Normal1.001480875562074
source 2.32,3.37,4.28,5.03,5.58,5.9,6.0,5.86 Normal1.0130170377692111
source 3.37,4.28,5.03,5.58,5.9,6.0,5.86,5.48 Normal1.0174753334334448
source 4.28,5.03,5.58,5.9,6.0,5.86,5.48,4.9 Normal1.191497012827206
source 5.03,5.58,5.9,6.0,5.86,5.48,4.9,4.11 Normal1.039270576417485
source 5.58,5.9,6.0,5.86,5.48,4.9,4.11,3.17 Normal1.0196371597552094
source 5.9,6.0,5.86,5.48,4.9,4.11,3.17,2.1 Normal0.9974901560741888
source 6.0,5.86,5.48,4.9,4.11,3.17,2.1,0.95 Normal1.0014817092382005
source 5.86,5.48,4.9,4.11,3.17,2.1,0.95,-0.24 Normal1.0028111850038541
source 5.48,4.9,4.11,3.17,2.1,0.95,-0.24,-1.42 Normal1.0314445765246785
source 4.9,4.11,3.17,2.1,0.95,-0.24,-1.42,-2.54 Normal1.000859409772814
source 4.11,3.17,2.1,0.95,-0.24,-1.42,-2.54,-3.57 Normal0.9925971854253786
source 3.17,2.1,0.95,-0.24,-1.42,-2.54,-3.57,-4.45 Normal0.9976643137379552
source 2.1,0.95,-0.24,-1.42,-2.54,-3.57,-4.45,-5.16 Normal0.9582225827310408
source 0.95,-0.24,-1.42,-2.54,-3.57,-4.45,-5.16,-5.66 Normal1.0370043218230511
source -0.24,-1.42,-2.54,-3.57,-4.45,-5.16,-5.66,-5.94 Normal1.0267063877588096
source -1.42,-2.54,-3.57,-4.45,-5.16,-5.66,-5.94,-5.99 Normal1.0215231535593876
source -2.54,-3.57,-4.45,-5.16,-5.66,-5.94,-5.99,-5.8 Normal1.0269837746623496
source -3.57,-4.45,-5.16,-5.66,-5.94,-5.99,-5.8,-5.38 Normal1.0527449510462166
source -4.45,-5.16,-5.66,-5.94,-5.99,-5.8,-5.38,-4.75 Normal0.9435730265826215
source -5.16,-5.66,-5.94,-5.99,-5.8,-5.38,-4.75,-3.94 Normal1.0088159878697571
source -5.66,-5.94,-5.99,-5.8,-5.38,-4.75,-3.94,-2.97 Normal1.0614497612240885
source -5.94,-5.99,-5.8,-5.38,-4.75,-3.94,-2.97,-1.88 Normal1.0370210027673934
source -5.99,-5.8,-5.38,-4.75,-3.94,-2.97,-1.88,-0.71 Normal1.0144945280858786
source -5.8,-5.38,-4.75,-3.94,-2.97,-1.88,-0.71,0.48 Normal0.9703655222797624
source -5.38,-4.75,-3.94,-2.97,-1.88,-0.71,0.48,1.65 Normal0.9757536491887384
source -4.75,-3.94,-2.97,-1.88,-0.71,0.48,1.65,2.76 Normal0.9136469731601252
source -3.94,-2.97,-1.88,-0.71,0.48,1.65,2.76,5.85 Normal0.8640180341741468
source -2.97,-1.88,-0.71,0.48,1.65,2.76,5.85,5.9 Warning2.2437973290431854
source -1.88,-0.71,0.48,1.65,2.76,5.85,5.9,5.96 Warning2.934380071095365
source -0.71,0.48,1.65,2.76,5.85,5.9,5.96,5.95 Warning2.7392509760495387
source 0.48,1.65,2.76,5.85,5.9,5.96,5.95,5.85 Warning2.150740227871081
source 1.65,2.76,5.85,5.9,5.96,5.95,5.85,5.84 Normal1.7475551817368231
source 2.76,5.85,5.9,5.96,5.95,5.85,5.84,5.93 Normal1.9672939376220924
source 5.85,5.9,5.96,5.95,5.85,5.84,5.93,5.95 Warning5.539192263617409
source 5.9,5.96,5.95,5.85,5.84,5.93,5.95,5.91 Warning5.6007817402404685
source 5.96,5.95,5.85,5.84,5.93,5.95,5.91,5.94 Warning5.636855552047963
source 5.95,5.85,5.84,5.93,5.95,5.91,5.94,2.76 Normal1.1908471071488893
source 5.85,5.84,5.93,5.95,5.91,5.94,2.76,1.65 Normal1.0148705816837635
source 5.84,5.93,5.95,5.91,5.94,2.76,1.65,0.48 Normal1.100450993897352
source 5.93,5.95,5.91,5.94,2.76,1.65,0.48,-0.71 Normal1.7103158175673145
source 5.95,5.91,5.94,2.76,1.65,0.48,-0.71,-1.88 Warning2.359489524000095
source 5.91,5.94,2.76,1.65,0.48,-0.71,-1.88,-2.97 Warning2.4473324294889083
source 5.94,2.76,1.65,0.48,-0.71,-1.88,-2.97,-3.94 Warning3.0279969451759565
source 2.76,1.65,0.48,-0.71,-1.88,-2.97,-3.94,-4.75 Normal1.0063871781725628
source 1.65,0.48,-0.71,-1.88,-2.97,-3.94,-4.75,-5.38 Normal0.9884741528696187
source 0.48,-0.71,-1.88,-2.97,-3.94,-4.75,-5.38,-5.8 Normal0.9984258307301577
source -0.71,-1.88,-2.97,-3.94,-4.75,-5.38,-5.8,-5.99 Normal0.9975694376461167
source -1.88,-2.97,-3.94,-4.75,-5.38,-5.8,-5.99,-5.94 Normal0.9628268000512307
source -2.97,-3.94,-4.75,-5.38,-5.8,-5.99,-5.94,-5.66 Normal0.9656408525172866
source -3.94,-4.75,-5.38,-5.8,-5.99,-5.94,-5.66,-5.16 Normal0.9495271622959948
source -4.75,-5.38,-5.8,-5.99,-5.94,-5.66,-5.16,-4.45 Normal0.9739441855468757
source -5.38,-5.8,-5.99,-5.94,-5.66,-5.16,-4.45,-3.57 Normal1.1400933459681728
source -5.8,-5.99,-5.94,-5.66,-5.16,-4.45,-3.57,-2.54 Normal1.0235359871793623
source -5.99,-5.94,-5.66,-5.16,-4.45,-3.57,-2.54,-1.42 Normal0.9791461139287948
source -5.94,-5.66,-5.16,-4.45,-3.57,-2.54,-1.42,-0.24 Normal1.0012654831985397
source -5.66,-5.16,-4.45,-3.57,-2.54,-1.42,-0.24,0.95 Normal1.0237567965411023
source -5.16,-4.45,-3.57,-2.54,-1.42,-0.24,0.95,2.1 Normal1.0547765181814286
source -4.45,-3.57,-2.54,-1.42,-0.24,0.95,2.1,3.17 Normal1.4455166516544662
source -3.57,-2.54,-1.42,-0.24,0.95,2.1,3.17,4.11 Normal0.9258231730006283
source -2.54,-1.42,-0.24,0.95,2.1,3.17,4.11,4.9 Normal0.9740578308120978
source -1.42,-0.24,0.95,2.1,3.17,4.11,4.9,5.48 Normal1.0038372283334949
source -0.24,0.95,2.1,3.17,4.11,4.9,5.48,5.86 Normal1.0302435290004937
source 0.95,2.1,3.17,4.11,4.9,5.48,5.86,6.0 Normal0.8832622038064034
source 2.1,3.17,4.11,4.9,5.48,5.86,6.0,5.9 Normal0.9983069018644847
source 3.17,4.11,4.9,5.48,5.86,6.0,5.9,5.58 Normal0.9781944952165343
source 4.11,4.9,5.48,5.86,6.0,5.9,5.58,5.03 Normal1.0330037914060344
source 4.9,5.48,5.86,6.0,5.9,5.58,5.03,4.28 Normal1.080532501502014
source 5.48,5.86,6.0,5.9,5.58,5.03,4.28,3.37 Normal1.131722282479898
source 5.86,6.0,5.9,5.58,5.03,4.28,3.37,2.32 Normal1.0120350108089413
source 6.0,5.9,5.58,5.03,4.28,3.37,2.32,1.19 Normal0.9795017203297799
source 5.9,5.58,5.03,4.28,3.37,2.32,1.19,0.0 Normal1.0304563772721709
