source -1.85,-1.67,-1.42,-1.12,-0.77,-0.39,-0.0,0.0 Normal0.9852567906026191
source -1.67,-1.42,-1.12,-0.77,-0.39,-0.0,0.0,0.4 Normal0.9677196962479546
source -1.42,-1.12,-0.77,-0.39,-0.0,0.0,0.4,0.77 Normal0.9932916358168044
source -1.12,-0.77,-0.39,-0.0,0.0,0.4,0.77,1.12 Normal0.9818442032865489
source -0.77,-0.39,-0.0,0.0,0.4,0.77,1.12,1.43 Normal0.9829216413794702
source -0.39,-0.0,0.0,0.4,0.77,1.12,1.43,1.68 Normal0.9772143068112026
source -0.0,0.0,0.4,0.77,1.12,1.43,1.68,1.86 Normal0.9867104684881669
source 0.0,0.4,0.77,1.12,1.43,1.68,1.86,1.97 Normal0.9900391972974887
source 0.4,0.77,1.12,1.43,1.68,1.86,1.97,2.0 Normal0.9861994474830121
source 0.77,1.12,1.43,1.68,1.86,1.97,2.0,1.95 Normal1.036086056476742
source 1.12,1.43,1.68,1.86,1.97,2.0,1.95,1.83 Normal0.9924728866108581
source 1.43,1.68,1.86,1.97,2.0,1.95,1.83,1.63 Normal1.0251431082693678
source 1.68,1.86,1.97,2.0,1.95,1.83,1.63,1.37 Normal0.9816354431874323
source 1.86,1.97,2.0,1.95,1.83,1.63,1.37,1.06 Normal1.0941277765213826
source 1.97,2.0,1.95,1.83,1.63,1.37,1.06,1.8 Normal1.0036954207267792
source 2.0,1.95,1.83,1.63,1.37,1.06,1.8,0.32 Normal1.0425519268557268
source 1.95,1.83,1.63,1.37,1.06,1.8,0.32,-0.08 Normal0.9889684402198087
source 1.83,1.63,1.37,1.06,1.8,0.32,-0.08,-0.47 Normal0.9948408605817092
source 1.63,1.37,1.06,1.8,0.32,-0.08,-0.47,-0.85 Normal1.016299910587059
source 1.37,1.06,1.8,0.32,-0.08,-0.47,-0.85,-1.19 Normal1.0068924763973486
source 1.06,1.8,0.32,-0.08,-0.47,-0.85,-1.19,-1.48 Normal1.0803289499195767
source 1.8,0.32,-0.08,-0.47,-0.85,-1.19,-1.48,-1.72 Normal1.3387688792493146
source 0.32,-0.08,-0.47,-0.85,-1.19,-1.48,-1.72,-1.89 Normal0.9355198049953833
source -0.08,-0.47,-0.85,-1.19,-1.48,-1.72,-1.89,-1.98 Normal0.9945581445825216
source -0.47,-0.85,-1.19,-1.48,-1.72,-1.89,-1.98,-2.0 Normal0.9955159487526257
source -0.85,-1.19,-1.48,-1.72,-1.89,-1.98,-2.0,-1.93 Normal1.012324620206581
source -1.19,-1.48,-1.72,-1.89,-1.98,-2.0,-1.93,-1.79 Normal0.9822943265894599
source -1.48,-1.72,-1.89,-1.98,-2.0,-1.93,-1.79,-1.58 Normal0.9786855368613308
source -1.72,-1.89,-1.98,-2.0,-1.93,-1.79,-1.58,-1.31 Normal0.9944973523449601
source -1.89,-1.98,-2.0,-1.93,-1.79,-1.58,-1.31,-0.99 Normal1.118945747345517
source -1.98,-2.0,-1.93,-1.79,-1.58,-1.31,-0.99,-0.63 Normal1.0092669998943373
source -2.0,-1.93,-1.79,-1.58,-1.31,-0.99,-0.63,-0.24 Normal0.9869593304879702
source -1.93,-1.79,-1.58,-1.31,-0.99,-0.63,-0.24,0.16 Normal0.9915530461290908
source -1.79,-1.58,-1.31,-0.99,-0.63,-0.24,0.16,0.55 Normal1.0542994142149722
source -1.58,-1.31,-0.99,-0.63,-0.24,0.16,0.55,0.92 Normal1.0239860905405322
source -1.31,-0.99,-0.63,-0.24,0.16,0.55,0.92,-1.0 Normal0.9806025694523764
source -0.99,-0.63,-0.24,0.16,0.55,0.92,-1.0,1.53 Normal0.9583128716978946
source -0.63,-0.24,0.16,0.55,0.92,-1.0,1.53,1.76 Normal0.9974105092892097
source -0.24,0.16,0.55,0.92,-1.0,1.53,1.76,1.91 Normal1.0638442409226394
source 0.16,0.55,0.92,-1.0,1.53,1.76,1.91,1.99 Normal1.4669565140136336
source 0.55,0.92,-1.0,1.53,1.76,1.91,1.99,1.99 Normal1.8332508310712883
source 0.92,-1.0,1.53,1.76,1.91,1.99,1.99,1.91 Normal1.8791640675251349
source -1.0,1.53,1.76,1.91,1.99,1.99,1.91,1.76 Normal1.9422498860880872
source 1.53,1.76,1.91,1.99,1.99,1.91,1.76,1.53 Normal0.9889058968183422
source 1.76,1.91,1.99,1.99,1.91,1.76,1.53,1.25 Normal1.011172653902589
source 1.91,1.99,1.99,1.91,1.76,1.53,1.25,0.92 Normal1.098010681787993
source 1.99,1.99,1.91,1.76,1.53,1.25,0.92,0.55 Normal1.033570330417113
source 1.99,1.91,1.76,1.53,1.25,0.92,0.55,0.16 Normal1.007727718393839
source 1.91,1.76,1.53,1.25,0.92,0.55,0.16,-0.24 Normal1.0130611994249061
source 1.76,1.53,1.25,0.92,0.55,0.16,-0.24,-0.63 Normal0.9924484777192195
source 1.53,1.25,0.92,0.55,0.16,-0.24,-0.63,-0.99 Normal0.9868277023393427
source 1.25,0.92,0.55,0.16,-0.24,-0.63,-0.99,-1.31 Normal1.0067824653714126
source 0.92,0.55,0.16,-0.24,-0.63,-0.99,-1.31,-1.58 Normal0.9913291248644325
source 0.55,0.16,-0.24,-0.63,-0.99,-1.31,-1.58,-1.79 Normal1.0245932058176919
source 0.16,-0.24,-0.63,-0.99,-1.31,-1.58,-1.79,-1.93 Normal0.9997256468166678
source -0.24,-0.63,-0.99,-1.31,-1.58,-1.79,-1.93,-2.0 Normal1.0040535940418496
source -0.63,-0.99,-1.31,-1.58,-1.79,-1.93,-2.0,-1.98 Normal1.0027093975588777
source -0.99,-1.31,-1.58,-1.79,-1.93,-2.0,-1.98,-1.89 Normal0.9826523496892282
source -1.31,-1.58,-1.79,-1.93,-2.0,-1.98,-1.89,-1.72 Normal0.9614687236944552
source -1.58,-1.79,-1.93,-2.0,-1.98,-1.89,-1.72,-1.48 Normal0.9839486644938903
source -1.79,-1.93,-2.0,-1.98,-1.89,-1.72,-1.48,-1.19 Normal0.974970997904449
source -1.93,-2.0,-1.98,-1.89,-1.72,-1.48,-1.19,-0.85 Normal1.0319269157878523
source -2.0,-1.98,-1.89,-1.72,-1.48,-1.19,-0.85,-0.47 Normal0.999730840642529
source -1.98,-1.89,-1.72,-1.48,-1.19,-0.85,-0.47,-0.08 Normal1.0114586909172936
source -1.89,-1.72,-1.48,-1.19,-0.85,-0.47,-0.08,0.32 Normal0.9963417367915577
source -1.72,-1.48,-1.19,-0.85,-0.47,-0.08,0.32,0.7 Normal0.9778970505313234
source -1.48,-1.19,-0.85,-0.47,-0.08,0.32,0.7,1.06 Normal0.9726575886531782
source -1.19,-0.85,-0.47,-0.08,0.32,0.7,1.06,1.37 Normal1.022791063823404
source -0.85,-0.47,-0.08,0.32,0.7,1.06,1.37,1.63 Normal0.989146296535212
source -0.47,-0.08,0.32,0.7,1.06,1.37,1.63,1.83 Normal1.0169542954448447
source -0.08,0.32,0.7,1.06,1.37,1.63,1.83,1.95 Normal0.9863821483780955
source 0.32,0.7,1.06,1.37,1.63,1.83,1.95,2.0 Normal0.9827216146571455
source 0.7,1.06,1.37,1.63,1.83,1.95,2.0,1.97 Normal1.0922256483237078
source 1.06,1.37,1.63,1.83,1.95,2.0,1.97,1.86 Normal0.9838388374478031
source 1.37,1.63,1.83,1.95,2.0,1.97,1.86,1.68 Normal1.0054191616703911
source 1.63,1.83,1.95,2.0,1.97,1.86,1.68,1.43 Normal0.9835163596667349
source 1.83,1.95,2.0,1.97,1.86,1.68,1.43,1.12 Normal1.0454291580062254
source 1.95,2.0,1.97,1.86,1.68,1.43,1.12,0.77 Normal1.0623508368395218
source 2.0,1.97,1.86,1.68,1.43,1.12,0.77,0.4 Normal1.0156801232564854
source 1.97,1.86,1.68,1.43,1.12,0.77,0.4,0.0 Normal0.9719497989252429
