source 30.4,30.4,30.4,30.5,30.7,31.0,31.2,30.0 Normal1.0654482373403642
source 30.4,30.4,30.5,30.7,31.0,31.2,30.0,29.8 Normal1.196843908002735
source 30.4,30.5,30.7,31.0,31.2,30.0,29.8,29.6 Normal1.685066767937533
source 30.5,30.7,31.0,31.2,30.0,29.8,29.6,29.6 Normal1.263598137502562
source 30.7,31.0,31.2,30.0,29.8,29.6,29.6,29.5 Normal1.0510622131490175
source 31.0,31.2,30.0,29.8,29.6,29.6,29.5,29.6 Normal0.9075689346271177
source 31.2,30.0,29.8,29.6,29.6,29.5,29.6,29.2 Normal1.0326367793081241
source 30.0,29.8,29.6,29.6,29.5,29.6,29.2,32.2 Normal1.2289311623327173
source 29.8,29.6,29.6,29.5,29.6,29.2,32.2,32.8 Normal1.0992567091379282
source 29.6,29.6,29.5,29.6,29.2,32.2,32.8,34.7 Normal1.1179773562341075
source 29.6,29.5,29.6,29.2,32.2,32.8,34.7,35.1 Normal0.9757911704855818
source 29.5,29.6,29.2,32.2,32.8,34.7,35.1,35.1 Normal1.3306898722032188
source 29.6,29.2,32.2,32.8,34.7,35.1,35.1,34.4 Normal1.0557108362499397
source 29.2,32.2,32.8,34.7,35.1,35.1,34.4,35.0 Normal1.0216812203412087
source 32.2,32.8,34.7,35.1,35.1,34.4,35.0,35.2 Normal1.121189613448862
source 32.8,34.7,35.1,35.1,34.4,35.0,35.2,34.8 Normal1.0438640611190462
source 34.7,35.1,35.1,34.4,35.0,35.2,34.8,33.6 Normal1.1132745042207604
source 35.1,35.1,34.4,35.0,35.2,34.8,33.6,33.1 Normal1.0184918875423798
source 35.1,34.4,35.0,35.2,34.8,33.6,33.1,32.6 Normal1.0108961303698445
source 34.4,35.0,35.2,34.8,33.6,33.1,32.6,32.2 Normal1.1046377771157039
source 35.0,35.2,34.8,33.6,33.1,32.6,32.2,32.1 Normal1.0737694029540699
source 35.2,34.8,33.6,33.1,32.6,32.2,32.1,31.6 Normal1.066697198971879
source 34.8,33.6,33.1,32.6,32.2,32.1,31.6,30.8 Normal1.0488650668315627
source 33.6,33.1,32.6,32.2,32.1,31.6,30.8,30.5 Normal1.1041597309071365
source 33.1,32.6,32.2,32.1,31.6,30.8,30.5,30.4 Normal0.9872102473648948
source 32.6,32.2,32.1,31.6,30.8,30.5,30.4,34.6 Normal1.021571833720442
source 32.2,32.1,31.6,30.8,30.5,30.4,34.6,29.9 Normal1.349334919225898
source 32.1,31.6,30.8,30.5,30.4,34.6,29.9,28.9 Normal0.9666202964401464
source 31.6,30.8,30.5,30.4,34.6,29.9,28.9,28.7 Normal0.9200131904252911
source 30.8,30.5,30.4,34.6,29.9,28.9,28.7,28.5 Normal0.9924815923000949
source 30.5,30.4,34.6,29.9,28.9,28.7,28.5,28.4 Normal1.0429363245961676
source 30.4,34.6,29.9,28.9,28.7,28.5,28.4,30.6 Normal0.9630875960287811
source 34.6,29.9,28.9,28.7,28.5,28.4,30.6,33.3 Normal1.094328279909355
source 29.9,28.9,28.7,28.5,28.4,30.6,33.3,34.6 Normal1.0486580988450749
source 28.9,28.7,28.5,28.4,30.6,33.3,34.6,35.4 Normal1.1466893336905164
source 28.7,28.5,28.4,30.6,33.3,34.6,35.4,35.4 Normal1.1283594502397236
source 28.5,28.4,30.6,33.3,34.6,35.4,35.4,36.6 Normal1.1479100067193067
source 28.4,30.6,33.3,34.6,35.4,35.4,36.6,36.2 Normal1.284460357156775
source 30.6,33.3,34.6,35.4,35.4,36.6,36.2,36.7 Warning2.6771541566432013
source 33.3,34.6,35.4,35.4,36.6,36.2,36.7,35.2 Warning2.0542253904227326
source 34.6,35.4,35.4,36.6,36.2,36.7,35.2,32.4 Normal1.5933801804387053
source 35.4,35.4,36.6,36.2,36.7,35.2,32.4,32.3 Normal1.5041438904768596
source 35.4,36.6,36.2,36.7,35.2,32.4,32.3,32.2 Normal1.54054471434226
source 36.6,36.2,36.7,35.2,32.4,32.3,32.2,32.4 Normal1.24453927589203
source 36.2,36.7,35.2,32.4,32.3,32.2,32.4,31.2 Normal1.2491618975073664
source 36.7,35.2,32.4,32.3,32.2,32.4,31.2,30.6 Normal1.2966459933558254
source 35.2,32.4,32.3,32.2,32.4,31.2,30.6,30.3 Normal0.9923713120165156
source 32.4,32.3,32.2,32.4,31.2,30.6,30.3,29.8 Normal1.1329353718234227
source 32.3,32.2,32.4,31.2,30.6,30.3,29.8,29.5 Normal1.1511131449519496
source 32.2,32.4,31.2,30.6,30.3,29.8,29.5,29.3 Normal0.9704387673173449
source 32.4,31.2,30.6,30.3,29.8,29.5,29.3,29.1 Normal0.9285825673566981
source 31.2,30.6,30.3,29.8,29.5,29.3,29.1,28.9 Normal1.0912228034972442
source 30.6,30.3,29.8,29.5,29.3,29.1,28.9,28.6 Normal1.1606933420922838
source 30.3,29.8,29.5,29.3,29.1,28.9,28.6,28.8 Normal0.9844532595360843
source 29.8,29.5,29.3,29.1,28.9,28.6,28.8,29.9 Normal0.9638368873435832
source 29.5,29.3,29.1,28.9,28.6,28.8,29.9,31.8 Normal0.9228504104315686
source 29.3,29.1,28.9,28.6,28.8,29.9,31.8,29.0 Normal1.2673810263444871
source 29.1,28.9,28.6,28.8,29.9,31.8,29.0,33.2 Normal1.0351148044171075
source 28.9,28.6,28.8,29.9,31.8,29.0,33.2,33.1 Normal1.036888119394573
source 28.6,28.8,29.9,31.8,29.0,33.2,33.1,33.0 Normal1.0347964833907461
source 28.8,29.9,31.8,29.0,33.2,33.1,33.0,33.0 Normal0.9588140935664015
source 29.9,31.8,29.0,33.2,33.1,33.0,33.0,32.2 Normal1.0441744871811944
source 31.8,29.0,33.2,33.1,33.0,33.0,32.2,32.6 Normal1.0057760310913686
source 29.0,33.2,33.1,33.0,33.0,32.2,32.6,32.4 Normal0.9582905306276291
source 33.2,33.1,33.0,33.0,32.2,32.6,32.4,32.4 Normal1.102533595412109
source 33.1,33.0,33.0,32.2,32.6,32.4,32.4,32.5 Normal0.9857199420686501
source 33.0,33.0,32.2,32.6,32.4,32.4,32.5,31.2 Normal1.0343639672931617
source 33.0,32.2,32.6,32.4,32.4,32.5,31.2,30.4 Normal1.17394663339198
source 32.2,32.6,32.4,32.4,32.5,31.2,30.4,29.9 Normal0.9234534060170695
source 32.6,32.4,32.4,32.5,31.2,30.4,29.9,29.8 Normal0.9427694308244409
source 32.4,32.4,32.5,31.2,30.4,29.9,29.8,29.2 Normal1.032060559388653
source 32.4,32.5,31.2,30.4,29.9,29.8,29.2,29.1 Normal1.0421702053443245
source 32.5,31.2,30.4,29.9,29.8,29.2,29.1,28.9 Normal1.1636979055873244
source 31.2,30.4,29.9,29.8,29.2,29.1,28.9,28.7 Normal0.918821289858751
source 30.4,29.9,29.8,29.2,29.1,28.9,28.7,28.2 Normal1.0139706455742088
source 29.9,29.8,29.2,29.1,28.9,28.7,28.2,28.1 Normal1.2499411178158182
source 29.8,29.2,29.1,28.9,28.7,28.2,28.1,28.0 Normal1.2921880283640854
source 29.2,29.1,28.9,28.7,28.2,28.1,28.0,27.8 Normal1.0868750853083347
source 29.1,28.9,28.7,28.2,28.1,28.0,27.8,28.7 Normal0.9885661627657805
source 28.9,28.7,28.2,28.1,28.0,27.8,28.7,30.1 Normal0.9877820940286522
source 28.7,28.2,28.1,28.0,27.8,28.7,30.1,31.9 Normal1.2510375766733204
source 28.2,28.1,28.0,27.8,28.7,30.1,31.9,32.1 Normal1.1169605992127425
source 28.1,28.0,27.8,28.7,30.1,31.9,32.1,32.7 Normal1.0014941733491896
source 28.0,27.8,28.7,30.1,31.9,32.1,32.7,33.3 Normal0.9638392073761265
source 27.8,28.7,30.1,31.9,32.1,32.7,33.3,34.0 Normal0.9966468239975258
source 28.7,30.1,31.9,32.1,32.7,33.3,34.0,33.5 Normal1.1840971365845465
source 30.1,31.9,32.1,32.7,33.3,34.0,33.5,32.5 Normal1.1563164860850605
source 31.9,32.1,32.7,33.3,34.0,33.5,32.5,31.82834801593635 Normal0.9944292230392652
source 32.1,32.7,33.3,34.0,33.5,32.5,31.82834801593635,32.34290883247877 Normal1.04543128369331
source 32.7,33.3,34.0,33.5,32.5,31.82834801593635,32.34290883247877,31.893308923754883 Normal0.9692033790848948
source 33.3,34.0,33.5,32.5,31.82834801593635,32.34290883247877,31.893308923754883,32.02265271186502 Normal0.9485946633298631
source 34.0,33.5,32.5,31.82834801593635,32.34290883247877,31.893308923754883,32.02265271186502,31.92272554824334 Normal1.6184822159492505
source 33.5,32.5,31.82834801593635,32.34290883247877,31.893308923754883,32.02265271186502,31.92272554824334,31.89312670618437 Normal1.2000478195973283
source 32.5,31.82834801593635,32.34290883247877,31.893308923754883,32.02265271186502,31.92272554824334,31.89312670618437,31.90011439740779 Normal1.0100918917743733
source 31.82834801593635,32.34290883247877,31.893308923754883,32.02265271186502,31.92272554824334,31.89312670618437,31.90011439740779,32.371747817618974 Normal1.104876419345717
source 32.34290883247877,31.893308923754883,32.02265271186502,31.92272554824334,31.89312670618437,31.90011439740779,32.371747817618974,32.17322390657209 Normal1.00508543749179
source 31.893308923754883,32.02265271186502,31.92272554824334,31.89312670618437,31.90011439740779,32.371747817618974,32.17322390657209,32.423516983524934 Normal0.9713409063315002
source 32.02265271186502,31.92272554824334,31.89312670618437,31.90011439740779,32.371747817618974,32.17322390657209,32.423516983524934,32.11048635108475 Normal0.9062492211805481
source 31.92272554824334,31.89312670618437,31.90011439740779,32.371747817618974,32.17322390657209,32.423516983524934,32.11048635108475,31.834825720713276 Normal1.088282418131915
source 31.89312670618437,31.90011439740779,32.371747817618974,32.17322390657209,32.423516983524934,32.11048635108475,31.834825720713276,31.52373066333672 Normal1.222040120323267
source 31.90011439740779,32.371747817618974,32.17322390657209,32.423516983524934,32.11048635108475,31.834825720713276,31.52373066333672,32.28517014666668 Normal1.6312249493836457
source 32.371747817618974,32.17322390657209,32.423516983524934,32.11048635108475,31.834825720713276,31.52373066333672,32.28517014666668,31.580256735439505 Normal1.2407015255942697
source 32.17322390657209,32.423516983524934,32.11048635108475,31.834825720713276,31.52373066333672,32.28517014666668,31.580256735439505,31.74518618723827 Normal1.8249420934920273
source 32.423516983524934,32.11048635108475,31.834825720713276,31.52373066333672,32.28517014666668,31.580256735439505,31.74518618723827,31.673303346308728 Normal1.961158863612549
source 32.11048635108475,31.834825720713276,31.52373066333672,32.28517014666668,31.580256735439505,31.74518618723827,31.673303346308728,31.8296116838888 Normal1.9628810535812473
source 31.834825720713276,31.52373066333672,32.28517014666668,31.580256735439505,31.74518618723827,31.673303346308728,31.8296116838888,33.7 Normal0.9709442738745301
source 31.52373066333672,32.28517014666668,31.580256735439505,31.74518618723827,31.673303346308728,31.8296116838888,33.7,34.4 Normal1.0107904625339719
source 32.28517014666668,31.580256735439505,31.74518618723827,31.673303346308728,31.8296116838888,33.7,34.4,34.5 Normal0.9767231097453369
source 31.580256735439505,31.74518618723827,31.673303346308728,31.8296116838888,33.7,34.4,34.5,34.2 Normal1.0711432543212793
source 31.74518618723827,31.673303346308728,31.8296116838888,33.7,34.4,34.5,34.2,34.4 Normal0.9374575375793102
source 31.673303346308728,31.8296116838888,33.7,34.4,34.5,34.2,34.4,34.6 Normal1.0925735737228295
source 31.8296116838888,33.7,34.4,34.5,34.2,34.4,34.6,33.3 Normal0.9959696316237915
source 33.7,34.4,34.5,34.2,34.4,34.6,33.3,33.0 Normal1.183619708088263
source 34.4,34.5,34.2,34.4,34.6,33.3,33.0,32.1 Normal1.0755303127541354
source 34.5,34.2,34.4,34.6,33.3,33.0,32.1,31.4 Normal0.9792488590038612
source 34.2,34.4,34.6,33.3,33.0,32.1,31.4,31.0 Normal0.9811773863253023
source 34.4,34.6,33.3,33.0,32.1,31.4,31.0,30.8 Normal0.9700029653580184
source 34.6,33.3,33.0,32.1,31.4,31.0,30.8,30.6 Normal0.9844400232269596
source 33.3,33.0,32.1,31.4,31.0,30.8,30.6,30.6 Normal1.0145408911201055
source 33.0,32.1,31.4,31.0,30.8,30.6,30.6,30.5 Normal1.0838016609703822
source 32.1,31.4,31.0,30.8,30.6,30.6,30.5,30.2 Warning2.4360762804865193
source 31.4,31.0,30.8,30.6,30.6,30.5,30.2,30.4 Normal0.9057941251941538
source 31.0,30.8,30.6,30.6,30.5,30.2,30.4,30.4 Normal1.0530934915983448
source 30.8,30.6,30.6,30.5,30.2,30.4,30.4,30.4 Normal1.0235817764723611
source 30.6,30.6,30.5,30.2,30.4,30.4,30.4,30.5 Normal1.1021445738724447
source 30.6,30.5,30.2,30.4,30.4,30.4,30.5,30.7 Normal0.933385409200862
source 30.5,30.2,30.4,30.4,30.4,30.5,30.7,31.0 Normal0.9725889722279449
source 30.2,30.4,30.4,30.4,30.5,30.7,31.0,31.2 Normal1.6559766855686202
