source 22.22,22.49,22.87,23.32,23.84,24.41,25.0,25.0 Normal0.9985919018022426
source 22.49,22.87,23.32,23.84,24.41,25.0,25.0,25.59 Normal1.0491037150631226
source 22.87,23.32,23.84,24.41,25.0,25.0,25.59,26.16 Normal1.4447093427693456
source 23.32,23.84,24.41,25.0,25.0,25.59,26.16,26.68 Normal1.596084274970696
source 23.84,24.41,25.0,25.0,25.59,26.16,26.68,27.13 Normal1.4943745751290625
source 24.41,25.0,25.0,25.59,26.16,26.68,27.13,27.51 Normal1.113778026075335
source 25.0,25.0,25.59,26.16,26.68,27.13,27.51,27.78 Normal1.0415977554307059
source 25.0,25.59,26.16,26.68,27.13,27.51,27.78,27.95 Normal0.9881186221954684
source 25.59,26.16,26.68,27.13,27.51,27.78,27.95,28.0 Normal0.9999556636901117
source 26.16,26.68,27.13,27.51,27.78,27.95,28.0,27.93 Normal1.0129265246621166
source 26.68,27.13,27.51,27.78,27.95,28.0,27.93,27.75 Normal1.0094081670670774
source 27.13,27.51,27.78,27.95,28.0,27.93,27.75,27.47 Normal1.204384622240058
source 27.51,27.78,27.95,28.0,27.93,27.75,27.47,27.08 Normal1.0008636866354974
source 27.78,27.95,28.0,27.93,27.75,27.47,27.08,26.62 Normal1.0510544824923407
source 27.95,28.0,27.93,27.75,27.47,27.08,26.62,26.09 Normal1.0080204001798347
source 28.0,27.93,27.75,27.47,27.08,26.62,26.09,25.52 Normal0.9999556636901117
source 27.93,27.75,27.47,27.08,26.62,26.09,25.52,27.6 Normal0.9466817545056717
source 27.75,27.47,27.08,26.62,26.09,25.52,27.6,24.34 Normal1.1487069579047613
source 27.47,27.08,26.62,26.09,25.52,27.6,24.34,23.78 Normal1.0004016632043287
source 27.08,26.62,26.09,25.52,27.6,24.34,23.78,23.26 Normal1.387199760866922
source 26.62,26.09,25.52,27.6,24.34,23.78,23.26,22.81 Warning2.305781546297473
source 26.09,25.52,27.6,24.34,23.78,23.26,22.81,22.45 Warning3.193630186419762
source 25.52,27.6,24.34,23.78,23.26,22.81,22.45,22.19 Warning4.147822380128184
source 27.6,24.34,23.78,23.26,22.81,22.45,22.19,22.04 Warning4.956715394631981
source 24.34,23.78,23.26,22.81,22.45,22.19,22.04,22.0 Normal1.0021074135924235
source 23.78,23.26,22.81,22.45,22.19,22.04,22.0,22.08 Normal1.0101266797376787
source 23.26,22.81,22.45,22.19,22.04,22.0,22.08,22.28 Normal1.0188374796574469
source 22.81,22.45,22.19,22.04,22.0,22.08,22.28,22.58 Normal0.8676500615146544
source 22.45,22.19,22.04,22.0,22.08,22.28,22.58,22.97 Normal0.9183095054826862
source 22.19,22.04,22.0,22.08,22.28,22.58,22.97,23.45 Normal1.0360061313878164
source 22.04,22.0,22.08,22.28,22.58,22.97,23.45,23.98 Normal1.0002244259430404
source 22.0,22.08,22.28,22.58,22.97,23.45,23.98,24.56 Normal1.0036851216484477
source 22.08,22.28,22.58,22.97,23.45,23.98,24.56,22.1 Normal0.9153914019016632
source 22.28,22.58,22.97,23.45,23.98,24.56,22.1,25.73 Normal0.9359893227331932
source 22.58,22.97,23.45,23.98,24.56,22.1,25.73,26.29 Normal0.9783938559696539
source 22.97,23.45,23.98,24.56,22.1,25.73,26.29,26.8 Normal1.7100229756369087
source 23.45,23.98,24.56,22.1,25.73,26.29,26.8,27.24 Warning2.556570798841432
source 23.98,24.56,22.1,25.73,26.29,26.8,27.24,27.59 Warning2.745251842900609
source 24.56,22.1,25.73,26.29,26.8,27.24,27.59,27.83 Warning4.828135703502166
source 22.1,25.73,26.29,26.8,27.24,27.59,27.83,27.97 Warning6.658434715973063
source 25.73,26.29,26.8,27.24,27.59,27.83,27.97,27.99 Normal0.961826509642306
source 26.29,26.8,27.24,27.59,27.83,27.97,27.99,27.9 Normal0.8891044429617226
source 26.8,27.24,27.59,27.83,27.97,27.99,27.9,27.69 Normal0.8858624644350223
source 27.24,27.59,27.83,27.97,27.99,27.9,27.69,27.38 Normal1.031960487042222
source 27.59,27.83,27.97,27.99,27.9,27.69,27.38,26.97 Normal1.014401456887735
source 27.83,27.97,27.99,27.9,27.69,27.38,26.97,26.49 Normal0.9222480286730969
source 27.97,27.99,27.9,27.69,27.38,26.97,26.49,25.95 Normal0.9306700151958811
source 27.99,27.9,27.69,27.38,26.97,26.49,25.95,25.37 Normal0.9636437322820179
source 27.9,27.69,27.38,26.97,26.49,25.95,25.37,24.78 Normal1.032798646715513
source 27.69,27.38,26.97,26.49,25.95,25.37,24.78,24.19 Normal0.9924411119721922
source 27.38,26.97,26.49,25.95,25.37,24.78,24.19,23.64 Normal0.9979958919384657
source 26.97,26.49,25.95,25.37,24.78,24.19,23.64,23.14 Normal0.9981526733328517
source 26.49,25.95,25.37,24.78,24.19,23.64,23.14,22.72 Normal1.000558109736861
source 25.95,25.37,24.78,24.19,23.64,23.14,22.72,22.38 Normal0.9259241897831325
source 25.37,24.78,24.19,23.64,23.14,22.72,22.38,22.14 Normal0.9065621072865032
source 24.78,24.19,23.64,23.14,22.72,22.38,22.14,22.02 Normal0.9485324843638588
source 24.19,23.64,23.14,22.72,22.38,22.14,22.02,22.01 Normal0.9397333146676051
source 23.64,23.14,22.72,22.38,22.14,22.02,22.01,22.12 Normal0.8838967481495041
source 23.14,22.72,22.38,22.14,22.02,22.01,22.12,22.34 Normal0.9039546237637871
source 22.72,22.38,22.14,22.02,22.01,22.12,22.34,22.67 Normal0.9338611155342272
source 22.38,22.14,22.02,22.01,22.12,22.34,22.67,23.08 Normal1.0846362484815433
source 22.14,22.02,22.01,22.12,22.34,22.67,23.08,23.58 Normal0.9159448198874128
source 22.02,22.01,22.12,22.34,22.67,23.08,23.58,24.12 Normal0.9216000893559128
source 22.01,22.12,22.34,22.67,23.08,23.58,24.12,24.7 Normal0.9221103020000895
source 22.12,22.34,22.67,23.08,23.58,24.12,24.7,25.3 Normal0.9994486706595191
source 22.34,22.67,23.08,23.58,24.12,24.7,25.3,25.88 Normal0.9441930366009089
source 22.67,23.08,23.58,24.12,24.7,25.3,25.88,26.42 Normal0.9994428231605968
source 23.08,23.58,24.12,24.7,25.3,25.88,26.42,26.92 Normal1.0018332711666178
source 23.58,24.12,24.7,25.3,25.88,26.42,26.92,27.33 Normal1.0020162302916786
source 24.12,24.7,25.3,25.88,26.42,26.92,27.33,27.66 Normal0.9624665225832792
source 24.7,25.3,25.88,26.42,26.92,27.33,27.66,27.88 Normal0.8792492193982673
source 25.3,25.88,26.42,26.92,27.33,27.66,27.88,27.99 Normal1.0272492956267283
source 25.88,26.42,26.92,27.33,27.66,27.88,27.99,27.98 Normal0.9319027164596311
source 26.42,26.92,27.33,27.66,27.88,27.99,27.98,27.86 Normal0.879460765671198
source 26.92,27.33,27.66,27.88,27.99,27.98,27.86,27.62 Normal0.9090126694744187
source 27.33,27.66,27.88,27.99,27.98,27.86,27.62,27.28 Normal0.959042582961255
source 27.66,27.88,27.99,27.98,27.86,27.62,27.28,26.86 Normal1.0737544121709026
source 27.88,27.99,27.98,27.86,27.62,27.28,26.86,26.36 Normal0.9108674230661106
source 27.99,27.98,27.86,27.62,27.28,26.86,26.36,26.12 Normal0.8624236322461482
source 27.98,27.86,27.62,27.28,26.86,26.36,26.12,25.53 Normal0.9431953953975362
source 27.86,27.62,27.28,26.86,26.36,26.12,25.53,25.9 Normal1.082389349068156
source 27.62,27.28,26.86,26.36,26.12,25.53,25.9,26.22 Normal1.4284938602025619
source 27.28,26.86,26.36,26.12,25.53,25.9,26.22,26.24 Normal1.7707739246927028
source 26.86,26.36,26.12,25.53,25.9,26.22,26.24,25.79 Warning2.029303564932826
source 26.36,26.12,25.53,25.9,26.22,26.24,25.79,26.16 Warning2.3097160317962593
source 26.12,25.53,25.9,26.22,26.24,25.79,26.16,26.01 Warning2.603174401027752
source 25.53,25.9,26.22,26.24,25.79,26.16,26.01,25.97 Warning2.6602237333739525
source 25.9,26.22,26.24,25.79,26.16,26.01,25.97,25.99 Warning2.826502930515836
source 26.22,26.24,25.79,26.16,26.01,25.97,25.99,26.48 Warning2.7150717282018584
source 26.24,25.79,26.16,26.01,25.97,25.99,26.48,26.17 Warning2.4020098027698356
source 25.79,26.16,26.01,25.97,25.99,26.48,26.17,25.57 Warning2.6732379307638445
source 26.16,26.01,25.97,25.99,26.48,26.17,25.57,26.36 Warning2.2953914823621635
source 26.01,25.97,25.99,26.48,26.17,25.57,26.36,25.83 Warning2.289982698820197
source 25.97,25.99,26.48,26.17,25.57,26.36,25.83,25.79 Warning2.30232917871987
source 25.99,26.48,26.17,25.57,26.36,25.83,25.79,26.07 Warning2.2556118976177717
source 26.48,26.17,25.57,26.36,25.83,25.79,26.07,26.14 Warning2.2383057636954238
source 26.17,25.57,26.36,25.83,25.79,26.07,26.14,25.44 Warning2.730020378826447
source 25.57,26.36,25.83,25.79,26.07,26.14,25.44,26.02 Warning2.656617792025918
source 26.36,25.83,25.79,26.07,26.14,25.44,26.02,26.55 Warning2.311454371173372
source 25.83,25.79,26.07,26.14,25.44,26.02,26.55,27.03 Warning2.112569192578246
source 25.79,26.07,26.14,25.44,26.02,26.55,27.03,27.42 Normal1.62315117197343
source 26.07,26.14,25.44,26.02,26.55,27.03,27.42,27.72 Normal1.1696303459158104
source 26.14,25.44,26.02,26.55,27.03,27.42,27.72,27.92 Normal1.0800171150595361
source 25.44,26.02,26.55,27.03,27.42,27.72,27.92,28.0 Normal0.9661420718225407
source 26.02,26.55,27.03,27.42,27.72,27.92,28.0,27.96 Normal0.9143938554757054
source 26.55,27.03,27.42,27.72,27.92,28.0,27.96,27.81 Normal0.8832860358854114
source 27.03,27.42,27.72,27.92,28.0,27.96,27.81,27.55 Normal0.9351720522176329
source 27.42,27.72,27.92,28.0,27.96,27.81,27.55,27.19 Normal1.1086035624797483
source 27.72,27.92,28.0,27.96,27.81,27.55,27.19,26.74 Normal0.9458352883023475
source 27.92,28.0,27.96,27.81,27.55,27.19,26.74,26.22 Normal0.9067203207013949
source 28.0,27.96,27.81,27.55,27.19,26.74,26.22,25.66 Normal1.023390908071977
source 27.96,27.81,27.55,27.19,26.74,26.22,25.66,25.07 Normal0.9999076810152235
source 27.81,27.55,27.19,26.74,26.22,25.66,25.07,24.48 Normal1.0979560273573021
source 27.55,27.19,26.74,26.22,25.66,25.07,24.48,23.91 Normal1.230450588545463
source 27.19,26.74,26.22,25.66,25.07,24.48,23.91,23.38 Normal0.9776974322824805
source 26.74,26.22,25.66,25.07,24.48,23.91,23.38,22.92 Normal1.009592715708428
source 26.22,25.66,25.07,24.48,23.91,23.38,22.92,22.53 Normal1.1013331086074418
source 25.66,25.07,24.48,23.91,23.38,22.92,22.53,22.25 Normal0.9763037207050496
source 25.07,24.48,23.91,23.38,22.92,22.53,22.25,22.07 Normal1.0001299239457166
source 24.48,23.91,23.38,22.92,22.53,22.25,22.07,22.0 Normal0.9239823991790584
source 23.91,23.38,22.92,22.53,22.25,22.07,22.0,22.05 Normal0.9011052622262916
source 23.38,22.92,22.53,22.25,22.07,22.0,22.05,22.22 Normal0.9196195104450404
source 22.92,22.53,22.25,22.07,22.0,22.05,22.22,22.49 Normal1.1677773527069544
source 22.53,22.25,22.07,22.0,22.05,22.22,22.49,22.87 Normal0.9724395210046279
source 22.25,22.07,22.0,22.05,22.22,22.49,22.87,23.32 Normal0.9572309388328323
source 22.07,22.0,22.05,22.22,22.49,22.87,23.32,23.84 Normal0.9672812215856057
source 22.0,22.05,22.22,22.49,22.87,23.32,23.84,24.41 Normal0.9810745482319874
source 22.05,22.22,22.49,22.87,23.32,23.84,24.41,25.0 Normal1.0
