source 0.2,1.66,0.41,1.86,0.1,0.28,0.18,1.67 Normal
source 1.66,0.41,1.86,0.1,0.28,0.18,1.67,1.25 Normal
source 0.41,1.86,0.1,0.28,0.18,1.67,1.25,0.32 Normal
source 1.86,0.1,0.28,0.18,1.67,1.25,0.32,1.81 Normal
source 0.1,0.28,0.18,1.67,1.25,0.32,1.81,0.02 Normal
source 0.28,0.18,1.67,1.25,0.32,1.81,0.02,0.32 Normal
source 0.18,1.67,1.25,0.32,1.81,0.02,0.32,0.1 Normal
source 1.67,1.25,0.32,1.81,0.02,0.32,0.1,1.52 Normal
source 1.25,0.32,1.81,0.02,0.32,0.1,1.52,0.29 Normal
source 0.32,1.81,0.02,0.32,0.1,1.52,0.29,1.39 Normal
source 1.81,0.02,0.32,0.1,1.52,0.29,1.39,2.49 Normal
source 0.02,0.32,0.1,1.52,0.29,1.39,2.49,3.59 Warning
source 0.32,0.1,1.52,0.29,1.39,2.49,3.59,4.7 Warning
source 0.1,1.52,0.29,1.39,2.49,3.59,4.7,5.8 Warning
source 1.52,0.29,1.39,2.49,3.59,4.7,5.8,6.9 Warning
source 0.29,1.39,2.49,3.59,4.7,5.8,6.9,8.0 Warning
source 1.39,2.49,3.59,4.7,5.8,6.9,8.0,8.0 Warning
source 2.49,3.59,4.7,5.8,6.9,8.0,8.0,7.02 Warning
source 3.59,4.7,5.8,6.9,8.0,8.0,7.02,6.03 Warning
source 4.7,5.8,6.9,8.0,8.0,7.02,6.03,5.05 Warning
source 5.8,6.9,8.0,8.0,7.02,6.03,5.05,4.07 Warning
source 6.9,8.0,8.0,7.02,6.03,5.05,4.07,3.09 Warning
source 8.0,8.0,7.02,6.03,5.05,4.07,3.09,2.1 Warning
source 8.0,7.02,6.03,5.05,4.07,3.09,2.1,1.12 Warning
source 7.02,6.03,5.05,4.07,3.09,2.1,1.12,0.78 Warning
source 6.03,5.05,4.07,3.09,2.1,1.12,0.78,0.48 Warning
source 5.05,4.07,3.09,2.1,1.12,0.78,0.48,1.51 Warning
source 4.07,3.09,2.1,1.12,0.78,0.48,1.51,0.85 Warning
source 3.09,2.1,1.12,0.78,0.48,1.51,0.85,1.5 Warning
source 2.1,1.12,0.78,0.48,1.51,0.85,1.5,1.63 Normal
source 1.12,0.78,0.48,1.51,0.85,1.5,1.63,1.85 Normal
source 0.78,0.48,1.51,0.85,1.5,1.63,1.85,1.78 Normal
