source 0.2,1.66,0.41,1.86,0.1,0.28,0.18,1.76 Normal
source 1.66,0.41,1.86,0.1,0.28,0.18,1.76,1.44 Normal
source 0.41,1.86,0.1,0.28,0.18,1.76,1.44,0.31 Normal
source 1.86,0.1,0.28,0.18,1.76,1.44,0.31,0.54 Normal
source 0.1,0.28,0.18,1.76,1.44,0.31,0.54,0.53 Normal
source 0.28,0.18,1.76,1.44,0.31,0.54,0.53,0.82 Normal
source 0.18,1.76,1.44,0.31,0.54,0.53,0.82,1.62 Normal
source 1.76,1.44,0.31,0.54,0.53,0.82,1.62,2.39 Normal
source 1.44,0.31,0.54,0.53,0.82,1.62,2.39,3.12 Normal
source 0.31,0.54,0.53,0.82,1.62,2.39,3.12,3.79 Warning
source 0.54,0.53,0.82,1.62,2.39,3.12,3.79,4.39 Warning
source 0.53,0.82,1.62,2.39,3.12,3.79,4.39,4.9 Warning
source 0.82,1.62,2.39,3.12,3.79,4.39,4.9,5.33 Warning
source 1.62,2.39,3.12,3.79,4.39,4.9,5.33,5.65 Warning
source 2.39,3.12,3.79,4.39,4.9,5.33,5.65,5.87 Warning
source 3.12,3.79,4.39,4.9,5.33,5.65,5.87,5.99 Warning
source 3.79,4.39,4.9,5.33,5.65,5.87,5.99,5.99 Warning
source 4.39,4.9,5.33,5.65,5.87,5.99,5.99,5.87 Warning
source 4.9,5.33,5.65,5.87,5.99,5.99,5.87,5.65 Warning
source 5.33,5.65,5.87,5.99,5.99,5.87,5.65,5.33 Warning
source 5.65,5.87,5.99,5.99,5.87,5.65,5.33,4.9 Warning
source 5.87,5.99,5.99,5.87,5.65,5.33,4.9,4.39 Warning
source 5.99,5.99,5.87,5.65,5.33,4.9,4.39,3.79 Warning
source 5.99,5.87,5.65,5.33,4.9,4.39,3.79,3.12 Warning
source 5.87,5.65,5.33,4.9,4.39,3.79,3.12,2.39 Warning
source 5.65,5.33,4.9,4.39,3.79,3.12,2.39,1.62 Warning
source 5.33,4.9,4.39,3.79,3.12,2.39,1.62,0.82 Warning
source 4.9,4.39,3.79,3.12,2.39,1.62,0.82,1.11 Warning
source 4.39,3.79,3.12,2.39,1.62,0.82,1.11,1.77 Warning
source 3.79,3.12,2.39,1.62,0.82,1.11,1.77,0.02 Warning
source 3.12,2.39,1.62,0.82,1.11,1.77,0.02,1.58 Warning
source 2.39,1.62,0.82,1.11,1.77,0.02,1.58,0.34 Normal

