source 0.2,1.66,0.41,1.86,0.1,0.28,0.18,0.01 Warning2.2582472025180484
source 1.66,0.41,1.86,0.1,0.28,0.18,0.01,0.18 Warning2.3763220357060972
source 0.41,1.86,0.1,0.28,0.18,0.01,0.18,1.11 Warning2.4929513558834646
source 1.86,0.1,0.28,0.18,0.01,0.18,1.11,0.16 Warning2.8497492191223897
source 0.1,0.28,0.18,0.01,0.18,1.11,0.16,1.37 Warning3.4363658336496985
source 0.28,0.18,0.01,0.18,1.11,0.16,1.37,0.41 Warning2.916528396745016
source 0.18,0.01,0.18,1.11,0.16,1.37,0.41,0.82 Warning2.398760915678482
source 0.01,0.18,1.11,0.16,1.37,0.41,0.82,1.22 Normal1.4043038391348888
source 0.18,1.11,0.16,1.37,0.41,0.82,1.22,1.62 Normal1.0364496497247746
source 1.11,0.16,1.37,0.41,0.82,1.22,1.62,2.01 Normal1.0354778632134294
source 0.16,1.37,0.41,0.82,1.22,1.62,2.01,2.39 Normal1.1163253746074537
source 1.37,0.41,0.82,1.22,1.62,2.01,2.39,2.76 Warning3.846695487869267
source 0.41,0.82,1.22,1.62,2.01,2.39,2.76,3.12 Warning6.728147494985324
source 0.82,1.22,1.62,2.01,2.39,2.76,3.12,3.46 Warning11.007271809653044
source 1.22,1.62,2.01,2.39,2.76,3.12,3.46,3.79 Warning15.26390102552129
source 1.62,2.01,2.39,2.76,3.12,3.46,3.79,4.1 Warning19.43058369912073
source 2.01,2.39,2.76,3.12,3.46,3.79,4.1,4.39 Warning23.456831453053447
source 2.39,2.76,3.12,3.46,3.79,4.1,4.39,4.65 Warning27.304277610447357
source 2.76,3.12,3.46,3.79,4.1,4.39,4.65,4.9 Warning30.9692679493091
source 3.12,3.46,3.79,4.1,4.39,4.65,4.9,5.13 Warning34.436512405055424
source 3.46,3.79,4.1,4.39,4.65,4.9,5.13,5.33 Warning37.67530294991066
source 3.79,4.1,4.39,4.65,4.9,5.13,5.33,5.5 Warning40.67043632644541
source 4.1,4.39,4.65,4.9,5.13,5.33,5.5,5.65 Warning43.407177319077924
source 4.39,4.65,4.9,5.13,5.33,5.5,5.65,5.78 Warning45.88511371243391
source 4.65,4.9,5.13,5.33,5.5,5.65,5.78,5.87 Warning48.07445397449852
source 4.9,5.13,5.33,5.5,5.65,5.78,5.87,5.94 Warning49.99282529844227
source 5.13,5.33,5.5,5.65,5.78,5.87,5.94,5.99 Warning51.62363075090157
source 5.33,5.5,5.65,5.78,5.87,5.94,5.99,6.0 Warning52.935748638895326
source 5.5,5.65,5.78,5.87,5.94,5.99,6.0,6.27 Warning54.34775706852123
source 5.65,5.78,5.87,5.94,5.99,6.0,6.27,6.17 Warning55.325719147704845
source 5.78,5.87,5.94,5.99,6.0,6.27,6.17,7.18 Warning57.534932497230685
source 5.87,5.94,5.99,6.0,6.27,6.17,7.18,6.69 Warning58.74797027254208
