0.0
1.18
2.31
3.36
4.27
5.01
5.56
5.9
6.0
5.87
5.51
4.93
4.16
3.23
2.18
1.03
-0.15
-1.32
-2.45
-3.48
-4.37
-5.09
-5.62
-5.92
-6.0
-5.84
-5.45
-4.85
-4.06
-3.11
-2.04
-0.89
0.3
1.47
2.58
3.6
4.47
5.17
5.67
5.94
5.99
5.8
5.38
4.76
3.94
2.98
1.9
0.74
-0.44
-1.61
-2.72
-3.72
-4.57
-5.24
-5.72
-5.96
-5.98
-5.76
-5.32
-4.66
-3.83
-2.85
-1.76
-0.59
0.59
1.76
2.85
3.83
4.66
5.32
5.76
5.98
5.96
5.72
5.24
4.57
3.72
2.72
1.61
0.44
-0.74
-1.9
-2.98
-3.94
-4.76
-5.38
-5.8
-5.99
-5.94
-5.67
-5.17
-4.47
-3.6
-2.58
-1.47
-0.3
0.89
2.04
3.11
4.06
4.85
5.45
5.84
6.0
5.92
5.62
5.09
4.37
3.48
2.45
1.32
0.15
-1.03
-2.18
-3.23
-4.16
-4.93
-5.51
-5.87
-6.0
-5.9
-5.56
-5.01
-4.27
-3.36
-2.31
-1.18
-0.0
0.0
1.19
2.32
3.37
4.28
5.03
5.58
5.9
6.0
5.86
5.48
4.9
4.11
3.17
2.1
0.95
-0.24
-1.42
-2.54
-3.57
-4.45
-5.16
-5.66
-5.94
-5.99
-5.8
-5.38
-4.75
-3.94
-2.97
-1.88
-0.71
0.48
1.65
2.76
5.85
5.9
5.96
5.95
5.85
5.84
5.93
5.95
5.91
5.94
2.76
1.65
0.48
-0.71
-1.88
-2.97
-3.94
-4.75
-5.38
-5.8
-5.99
-5.94
-5.66
-5.16
-4.45
-3.57
-2.54
-1.42
-0.24
0.95
2.1
3.17
4.11
4.9
5.48
5.86
6.0
5.9
5.58
5.03
4.28
3.37
2.32
1.19
0.0
