30.0
29.8
29.6
29.6
29.5
29.6
29.2
32.2
32.8
34.7
35.1
35.1
34.4
35.0
35.2
34.8
33.6
33.1
32.6
32.2
32.1
31.6
30.8
30.5
30.4
30.3
29.9
28.9
28.7
28.5
28.4
30.6
33.3
34.6
35.4
35.4
36.6
36.2
36.7
35.2
32.4
32.3
32.2
32.4
31.2
30.6
30.3
29.8
29.5
29.3
29.1
28.9
28.6
28.8
29.9
31.8
32.3
33.2
33.1
33.0
33.0
32.2
32.6
32.4
32.4
32.5
31.2
30.4
29.9
29.8
29.2
29.1
28.9
28.7
28.2
28.1
28.0
27.8
28.7
30.1
31.9
32.1
32.7
33.3
34.0
33.5
32.5
32.5
31.8
29.1
27.8
27.6
27.8
27.8
27.7
27.7
27.9
28.1
28.0
27.9
28.0
28.5
29.2
30.8
32.7
33.7
34.4
34.5
34.2
34.4
34.6
33.3
33.0
32.1
31.4
31.0
30.8
30.6
30.6
30.5
30.2
30.4
30.4
30.4
30.5
30.7
31.0
31.2
30.0
29.8
29.6
29.6
29.5
29.6
29.2
32.2
32.8
34.7
35.1
35.1
34.4
35.0
35.2
34.8
33.6
33.1
32.6
32.2
32.1
31.6
30.8
30.5
30.4
34.6
29.9
28.9
28.7
28.5
28.4
30.6
33.3
34.6
35.4
35.4
36.6
36.2
36.7
35.2
32.4
32.3
32.2
32.4
31.2
30.6
30.3
29.8
29.5
29.3
29.1
28.9
28.6
28.8
29.9
31.8
29
33.2
33.1
33.0
33.0
32.2
32.6
32.4
32.4
32.5
31.2
30.4
29.9
29.8
29.2
29.1
28.9
28.7
28.2
28.1
28.0
27.8
28.7
30.1
31.9
32.1
32.7
33.3
34.0
33.5
32.5
31.82834801593635
32.34290883247877
31.893308923754883
32.02265271186502
31.92272554824334
31.89312670618437
31.90011439740779
32.371747817618974
32.17322390657209
32.423516983524934
32.11048635108475
31.834825720713276
31.52373066333672
32.28517014666668
31.580256735439505
31.74518618723827
31.673303346308728
31.8296116838888
33.7
34.4
34.5
34.2
34.4
34.6
33.3
33.0
32.1
31.4
31.0
30.8
30.6
30.6
30.5
30.2
30.4
30.4
30.4
30.5
30.7
31.0
31.2
