30.0
29.8
29.6
29.6
29.5
29.6
29.2
32.2
32.8
34.7
35.1
35.1
34.4
35.0
35.2
34.8
33.6
33.1
32.6
32.2
32.1
31.6
30.8
30.5
30.4
30.3
29.9
28.9
28.7
28.5
28.4
30.6
33.3
34.6
35.4
35.4
36.6
36.2
36.7
35.2
32.4
32.3
32.2
32.4
31.2
30.6
30.3
29.8
29.5
29.3
29.1
28.9
28.6
28.8
29.9
31.8
32.3
33.2
33.1
33.0
33.0
32.2
32.6
32.4
32.4
32.5
31.2
30.4
29.9
29.8
29.2
29.1
28.9
28.7
28.2
28.1
28.0
27.8
28.7
30.1
31.9
32.1
32.7
33.3
34.0
33.5
32.5
32.5
31.8
29.1
27.8
27.6
27.8
27.8
27.7
27.7
27.9
28.1
28.0
27.9
28.0
28.5
29.2
30.8
32.7
33.7
34.4
34.5
34.2
34.4
34.6
33.3
33.0
32.1
31.4
31.0
30.8
30.6
30.6
30.5
30.2
30.4
30.4
30.4
30.5
30.7
31.0
31.2
