25.0
25.59
26.16
26.68
27.13
27.51
27.78
27.95
28.0
27.93
27.75
27.47
27.08
26.62
26.09
25.52
24.93
24.34
23.78
23.26
22.81
22.45
22.19
22.04
22.0
22.08
22.28
22.58
22.97
23.45
23.98
24.56
25.15
25.73
26.29
26.8
27.24
27.59
27.83
27.97
27.99
27.9
27.69
27.38
26.97
26.49
25.95
25.37
24.78
24.19
23.64
23.14
22.72
22.38
22.14
22.02
22.01
22.12
22.34
22.67
23.08
23.58
24.12
24.7
25.3
25.88
26.42
26.92
27.33
27.66
27.88
27.99
27.98
27.86
27.62
27.28
26.86
26.36
25.81
25.22
24.63
24.05
23.51
23.03
22.62
22.31
22.1
22.01
22.03
22.17
22.41
22.76
23.2
23.71
24.27
24.85
25.44
26.02
26.55
27.03
27.42
27.72
27.92
28.0
27.96
27.81
27.55
27.19
26.74
26.22
25.66
25.07
24.48
23.91
23.38
22.92
22.53
22.25
22.07
22.0
22.05
22.22
22.49
22.87
23.32
23.84
24.41
25.0
